-0.01629178900799734,-0.1144652964770094,0.1169706196164925,-0.131112353571575,-0.3496131519690698,0.2642644211038268,-0.04186503608577134,-0.06738964113006299,0.1922758014055772,0.1001905174203561,-0.4046110577466659,-0.05192895186097245,-0.09370815985504655,-0.1346511753167396,-0.2628774240802813,0.07415323137246267,-0.03842008005461901,0.2600206538637345,0.3697934632408733,0.1158646804679975,0.0002742316009550322,0.02296576153650395,-0.2500222403198282,0.4002112563552337,0.002005244105829644
-0.003660082247361991,0.1249795073389028,0.06235935999171975,-0.1486769509399331,-0.0283997358482439,-0.0831163759126191,0.3140203092391238,-0.1784425545725192,0.06559662858718349,0.0780211026202714,0.3743746848572063,-0.1971621155704586,-0.4580900550125577,-0.03242227255862917,-0.3503663089076175,-0.04202191985187625,-0.1379939033307068,0.07602124549519458,-0.1939254731417188,-0.03610535448361055,0.06862238532417528,0.145399708904305,-0.1225834399230787,0.007096012107068975,-0.4367022120618929
-0.2312743912028577,0.2613488756737112,-0.2296628826026095,-0.03832176235720084,-0.4172159414064319,0.06433672351846841,-0.03622575873979203,-0.2922196831388457,0.1057198820340982,-0.3088380286025609,-0.2966336564112644,-0.1387854917112016,-0.1220519342386016,-0.1551682368643172,0.3725447934341138,-0.07247179501568247,0.02791379570158694,0.1244295859877865,-0.2254214355973772,-0.03919660022467047,0.06388970112946854,0.04078270430117303,0.07570486475626399,-0.2671675988023762,-0.1038659928822937
0.125903704735651,0.1248077885057144,-0.004170718192444601,-0.1367962179310104,0.007254701223984964,-0.3877737856835638,0.04364795776736946,0.2619522526644717,-0.2823811167923464,-0.07510686637803156,-0.2118478024677281,0.3484609366513852,-0.09309090634633764,-0.128030627541093,-0.1022362817339688,0.02653641344938399,0.4748879915324348,0.3077540949766005,-0.007835510130298536,0.2034432307582239,0.06649082555201832,0.1235649846254954,-0.1310694905804185,-0.1374176056565036,-0.1535014051399867
0.1715698784304052,-0.08024659982534042,0.03973345376248424,0.2777184071237822,-0.1949857312993574,0.153236366169758,0.02340019488022122,-0.02183212873177059,-0.2856145784750768,-0.0789348224208294,0.01072899828044723,0.07408990660299682,0.1489949201919881,-0.1236070746352176,-0.1739515225589157,0.1076274084825388,-0.4132023400407028,-0.08417982818758882,0.006112045810653867,0.4065113286571594,0.3173618538888895,-0.0867326282836112,-0.1944207230415964,-0.3975431579870245,-0.054487183820276
-0.2068561240890036,-0.05252587157958823,0.1384629781028403,-0.1588576937747325,0.09014035857036798,-0.2978318274265789,0.08130800930135826,-0.3086399056631186,0.1978423316781547,-0.1025431864167957,-0.1682800679991651,0.2768928705201664,0.2564940398103706,0.07720277217907127,0.02692388274266903,0.1248446703788505,-0.09870146513834883,-0.3502792507587617,0.2387215503914769,0.1399755803919605,-0.1332577050772919,-0.08877333271221165,0.04603856811680879,-0.01365011813117123,-0.4813285714120143
-0.36152955373124,0.1233716962085607,0.1356577123056535,0.1818713962910459,-0.02962826314030313,-0.05521334582234225,-0.2161641302232244,-0.08928536935521622,-0.283486043634412,-0.01992298021539929,0.1028232337493732,-0.3898081894195097,0.2983480953576678,0.2844157089361761,-0.06050557747043707,-0.2732948327657251,0.2154465352667591,0.04985251530775301,0.03158867241582458,0.1395097593899295,-0.1134813104797541,0.08493857614412979,-0.3810801794570856,0.06087666628892239,-0.1185213629218832
-0.005388487493630935,0.1138524498367027,0.2596097710392723,0.0311406296258309,0.003021118298857988,0.2229101088350355,0.1833441025791399,-0.1859541445421202,-0.07664059965685242,-0.1578149407873802,0.3111214177812144,0.08221274602010982,-0.1593839456357606,-0.04099896877526465,0.2425800567601208,0.2017968898790519,0.2807081973321925,0.1281575789282561,0.04572463558131411,0.2500181240235298,-0.1222327139140909,-0.5876218142700842,-0.04113493226601526,0.1192057903136685,0.0616435797617972
-0.07242270908389935,-0.1425160374063377,0.2443580780938134,-0.2036250448347302,-0.2413551795253469,0.06585209315805345,0.1455078215075444,0.3271570288930301,0.01126835205421943,-0.2201654104002763,0.04024812670730635,0.1678180940316052,0.04483251449448645,0.4505509239318072,0.105938466455099,0.1501098411468183,-0.2494774428354077,0.233360916540673,-0.08001803509354603,-0.2987983782937538,-0.22919694163341,0.008207146666199268,-0.2350553556329971,-0.2120510097999508,-0.0117259125435464
-0.2277904689761227,0.05300716316047201,0.084409370199552,0.1636350494467344,-0.2154576175804088,-0.2305695977809132,0.1910275266643609,0.09012447542991814,0.03689183225683257,0.2319890833058623,0.01351951262962804,0.03002780563412,-0.02667415402017539,-0.403062743750589,-0.1861471494258943,-0.257430325463321,-0.006806140190166006,-0.1049660753049358,0.196051965296579,-0.2567200660649698,-0.3253451154797677,-0.2745508469261184,-0.08583287090774552,-0.3185983983277929,0.2033221668285478
0.2020983678614185,0.07160124878489529,0.07441389064537621,-0.3977297509905884,0.02568527407528357,0.2502741218410495,0.4709029095940003,0.01441847382516313,-0.1794272186796367,-0.2399356718282003,0.02523061857274828,-0.2349107592231829,0.4067526473236743,-0.2584655322341173,0.003706794572786831,-0.1092408707037132,0.1385887717650534,-0.1681444761527009,0.1243312539978003,-0.09646652162897365,0.00500643780049439,0.2006558297130607,0.01334831460183424,-0.01005582088001048,0.0495567601890651
-0.1800840914510157,-0.2837147756549827,-0.15906108252669,-0.3756258108340064,0.1607564638829325,-0.05037962930309392,-0.06345510449632034,-0.2579376356207797,-0.2840900158426046,0.04829587430707774,-0.02902110197439391,-0.008484494206619829,0.09675823071829756,-0.1183959702064299,-0.1621661243538272,-0.0424125286835073,-0.248804781893497,0.341443432979021,-0.2534796893280836,0.2263484995689669,-0.3506468046965405,-0.08645872546066405,0.1831549692910727,-0.02155423880376294,0.1670311857508371
-0.0579419374299536,0.126261270547899,-0.1694516509648635,-0.001404973263462233,0.1364710654313831,0.202334623058487,-0.06425261819051908,0.03925199673476186,0.4543298879097865,-0.3896663800769206,0.1090955113038377,0.3314373052037937,0.1519524554329786,0.005733233904260827,-0.3888034866171162,-0.3485730113987492,0.06882962802055625,0.01276100110667756,-0.2107739107716474,0.1018248574267202,0.01611595787870322,-0.09188453117519881,-0.1697204630730768,0.009843579617475838,0.116840593767352
0.2246502645976017,-0.3477146929971943,-0.4750451147165398,0.1778710875172647,-0.09216018358492455,0.2113709269684606,0.1209813151065065,-0.2978532634223423,-0.1409796181545705,0.04484122483579637,0.08116497432545998,0.1645436954693688,-0.02797934886688652,0.2389355832769524,-0.03259273310266655,-0.170935897283002,0.2462595374827831,0.09344025791500271,0.2755487856990831,-0.2024707979384294,-0.1354718532880635,-0.0164322620442619,-0.01243267310798847,-0.1454805153842122,-0.2117913283088478
0.1063772870700182,0.4106361142510276,0.2553957519167248,0.06342719340398029,0.05024476275068435,0.0646268426042675,-3.658091130041607e-05,-0.3436931606452419,-0.1332802095926684,0.2648160989439698,-0.09902800747826164,0.269526918158326,0.2980757337646187,0.08252790270498134,-0.1051004493195426,-0.07040751918343566,-0.1016387389788369,0.3172029418812473,-0.08896348741874209,-0.3803733967370591,0.2296173709802324,-0.09193103031764531,0.1285207796299615,0.04741288250960562,-0.02218798949691334
0.2034842108570371,-0.006731139002062953,-0.04632235662878707,-0.2758474014107947,-0.4939865173144125,-0.1312783019633272,-0.09537082590464092,-0.1634498884026201,0.1775706664448009,0.3507525603860517,0.1880279853531237,0.01605595160169742,0.2148295448943821,0.1696120921678121,-0.09972382105278438,0.1875868796256145,0.27193996615448,-0.2303107478024837,-0.2753896407917973,0.1356287309112769,0.00273597585230408,-0.004897937359327809,-0.0610578007784111,-0.07461764477134913,0.2060635332458656
-0.3548409217829793,-0.08324597967899659,0.06075735823719217,-0.06853798799338676,0.0280460593351432,0.4674626758876911,-0.2052644718810513,0.1830270171429759,0.04700250693719884,0.3253396364340085,0.2445758987803044,0.2346633031228133,0.1190771731099508,-0.3159134211872918,0.1273761281940728,0.1154638748412197,0.1477298994732734,0.04655163000767724,-0.04614791979101566,0.002135398012673159,-0.004874933201809856,0.2292175680071927,0.03929191373304731,-0.1568600915318131,-0.3041601885641911
0.0617001888299416,-0.5332507350796154,0.2312939840583233,-0.0429193314690729,-0.1604876255033172,-0.1910460324853057,-0.04091819854764807,0.07376927750791228,0.07232196748792254,-0.04113043129882429,0.07150775591477605,-0.05114759667775628,0.1210424535815715,-0.1555392548615305,0.1813467806857231,-0.4194635860528469,0.04728884305627961,0.1122471151537997,-0.1854991751916441,-0.08967835797813885,0.3736500501184603,-0.2480677037139807,0.05982717282306188,0.157788554115931,-0.1946245708290625
0.02547939229845227,0.03749640864333164,-0.1961409920653969,-0.2169582689545329,0.3018272084775751,0.1236877109862877,0.1555517722106968,0.03243329704031984,-0.01553727112390427,0.3642838089293327,-0.304033676249197,0.01554101841947418,-0.08572260144272945,0.04441353033252686,0.2684124959303967,-0.1403892565183855,-0.06907319144178241,-0.168859672361208,-0.2094589440741128,0.002978341225676353,0.08189209731727298,-0.2486070685990714,-0.5534132664499389,-0.02573795853799991,-0.03809890576460901
0.416107537244096,0.2021139548582121,0.1496631479233544,-0.06773316074687338,-0.1109670883928027,0.2061535442455745,-0.3011823679063518,0.2159932718874258,-0.0871622100964385,0.03334374261262153,-0.1592436183994441,-0.0784949827631799,-0.08424509385737032,0.03773807523756358,-0.05598171714066168,-0.2880054051115715,-0.05536494391607773,-0.1579863507281886,-0.1070972873385948,0.0954929975686795,-0.4173596162693354,-0.1805573837106315,0.2321646165503467,-0.02139386723360337,-0.3496389481747429
0.1253872206469328,0.1225782264368051,-0.2082350702864204,0.318893055009524,-0.07712874834032277,-0.1251827954491254,0.3827265223520954,0.1823233945740698,0.263285193870325,0.1948203303064958,0.06992643105749351,-0.04106667542759397,0.3305737479135891,-0.03895268120356579,0.2344834053006657,-0.01529363212101873,-0.155875749263041,0.3206117524940678,-0.09340677576463553,0.2826536712953791,-0.2353836598563755,0.09156656817905316,0.03856168716723815,0.2036920630614573,-0.1432468834396392
0.2059114437445408,0.2095061101587772,-0.1493715679816526,-0.3390651356417961,0.03864518494964243,-0.1790998854199279,-0.3543940239745054,-0.02058740859057689,0.1251269017073131,-0.005876119386487483,0.3709745953858047,-0.03039579100333277,0.03347388906469118,-0.09134124022073492,0.2438020821219092,-0.1307053177073678,-0.2308072824952165,0.216017407379177,0.4733982072630658,0.02469220066175506,0.07303985836245373,-0.0289237929002632,-0.1713502548045953,-0.1263269924309871,0.02179798689002677
0.09954051661237229,-0.1246950549263693,0.4042712921922509,0.0180103439485581,0.2267109939545799,0.0805307048288306,0.1151699807115464,-0.1765186842188659,0.3299108497920258,0.155556434273453,-0.1435306567203286,-0.1150427130692904,-0.1235412556712622,0.1881668633159917,0.08325593373102602,-0.22445142004078,0.1329886923382004,0.1677599089270781,0.1022695533644616,0.2773847985656031,-0.0042872018866276,0.2228568644338486,0.1136087094304264,-0.4571867219544071,0.169652948630596
0.2057170951254596,-0.08282773955463449,0.233134728907734,0.1607807781471343,-0.05248660530658038,-0.05168538845683874,-0.08668772741059529,-0.2998303121007426,-0.1130095913612083,-0.1030127088467904,0.09105177343103028,0.3305161361529008,-0.1320599656316849,-0.2300515703172827,0.2513837052089963,-0.138687478568954,-0.1013262794415318,-0.148624899134797,-0.1524103481441758,-0.02931359892398786,-0.2806558873306046,0.4204656458333083,-0.3053687232310746,0.2161537471490245,0.1486497451010011
-0.2767774072062105,0.1445345298920963,-0.04656304768407278,-0.1542840420540876,-0.2437573936472553,0.06634779828015876,0.2145958273163513,0.1138375174328251,-0.2213916926229275,0.1321150835576269,0.07999253544081233,0.3058695202193381,-0.1806199028146823,0.2682819385132309,0.1056527527903755,-0.4146382872703248,-0.1304350455394418,-0.1640406406736885,0.1661271912542368,0.2643553219833788,0.1665238106178916,0.09459903722275061,0.2547084731358784,0.1828893299291106,0.1522623262292652
