-0.3231007324159536,0.03347376033553921,0.21542680168489,0.2507764854032163,-0.122449401389635,-0.2607044234407992,0.3190358982542905,0.09975391481903419,0.1382713412134083,-0.01061347753125634,-0.1326229805333477,-0.3077408792131816,0.2753676224053615,-0.1999732506053572,-0.2217561956114547,-0.1207265437276148,0.358334530472996,-0.1052301160633424,0.1363468375531005,0.1835180826179674,0.08356811371827878,0.01510246966542645,-0.1522393158834597,0.06946387735318763,-0.2289980508309797
-0.1936546537415443,-0.001965510157032022,0.0931156542692753,0.2679515221898909,-0.2079088936149832,0.02927599698593547,0.2282946095036224,0.3288974584178035,-0.0192583822380621,0.02485077557569708,0.09203288031588133,0.2131011881240424,-0.2684330422729975,0.02359191770069675,-0.0585499429255134,0.3089594903510196,0.06833462237065237,0.2151056349040026,-0.1353131189997802,-0.3075870833185722,0.4649693482422294,0.05074088863946149,0.2291137217753074,-0.1127880503469472,0.05863338137473537
0.04648657513741744,-0.04703304771705699,0.132610510163108,-0.007806768902018825,0.1819325117501617,-0.3273135497735456,0.0009028122978087884,-0.3033222377569745,0.01531208655681161,0.2142339444361765,0.1495306132777505,-0.1585902596311247,0.2683878839741479,0.1037383937302361,0.005926200100295658,0.3513328118111153,-0.139826437478328,-0.4909323473512155,-0.256132398181219,-0.1841303841532956,0.2521550737639676,0.07285455697703043,0.05773871146076676,-0.04896473834963561,0.1055558291225042
-0.04658062525501654,-0.1005541538991605,0.2544930161551403,0.2124217185771863,0.2581770131525109,-0.1221593630134729,-0.3251390907643471,0.257309622161028,0.1306760041191879,0.0425663852541636,-0.1613459759873393,-0.02808274881966526,-0.2286623716467488,0.4577398476421894,0.0903751242824761,-0.07521532470454208,0.09331327286790531,-0.07915439833342242,0.1123896670313455,0.03945542188865575,-0.03040753411606205,0.4273311393847425,-0.0224228726138663,0.2913328890407858,0.07004161365949246
-0.02243317282418558,0.2633797992837523,0.01334541851857592,0.0001795590718785441,0.2761360896281837,0.2169445102924124,0.2512025951044136,-0.2368064505410351,0.2246928910773117,0.1564710733619238,0.1612190488195015,0.1310276066411002,-0.1760293892123373,-0.02832415267755192,0.05609909280676208,-0.2050215029890575,0.2463212916371619,-0.08598734999126757,0.08666159248991324,-0.06875043064061921,0.2135159156700441,-0.2637301624628417,-0.0937440070501952,0.4210651865934242,0.3329006382567735
0.04850684580354038,-0.2923466853494629,0.0765878722188152,-0.09936738589539232,0.04509281793034921,-0.09371328026339162,-0.2119357318316284,-0.1495166285184062,-0.1319971074505209,0.1988648359572589,-0.1449712750350647,-0.2659142001138761,-0.1365402195802576,-0.5147469829533994,0.3280022640109876,-0.2116831175896865,0.1108875915892416,0.2147557714156671,0.08749417075356444,-0.1239280568875718,0.3193361150749051,0.179274391670909,0.0459468618591333,-0.05006088376582108,0.1161526422004699
-0.03505711362742211,-0.3508608699509945,-0.06355583611735159,0.01651850381526525,0.2099937470429392,0.3376279122547799,-0.0253385750170252,-0.01596391787742446,0.2592282308117366,-0.00541416301845772,0.295265538647265,0.3305027734070073,0.1616880918544078,-0.1627195054945239,-0.1572495436503526,-0.0118741113081689,0.02419820134911617,-0.1758526094262155,0.2483945123646668,0.2757742014545081,0.1889520936052776,0.3122610606630294,0.07897878542177461,-0.2326338235869868,-0.09170674366782043
0.1562410244890961,-0.05229256343683824,0.3905284096961762,0.2980157775352341,0.1430697277603292,0.3332703053833749,0.03472661260442639,-0.3424597141505136,-0.2165946216423464,-0.09589698641508015,-0.2110134259665891,-0.199515792953917,-0.07364162163723319,0.003024849750996377,-0.3287431943925599,0.2668905188022184,0.04398313383828264,0.1403962266550406,0.1434962756497832,0.07054418094548943,-0.14840401594764,-0.05347053493538837,0.1236537301570224,-0.1362799379821678,0.2244317276059961
-0.03872453967651544,-0.1654733767705042,-0.04066245094866662,-0.05513368568550416,0.2497350432674749,-0.08590539337917907,-0.3133601791049891,0.1808166100285199,-0.1135660690261635,0.1578785090257989,0.2445132770970285,0.01042588996083036,0.1848893890766304,-0.05612760056916315,-0.4316065441242158,-0.006502810033711915,0.193655493679337,0.1540332060103019,0.1628787799042788,-0.5014558894027975,-0.1537196751210714,-0.2379034325627875,-0.006393964672833704,0.1180059724555222,-0.1048797936308372
-0.2657075646044386,0.07566298869245174,-0.01543454368196827,0.1221077236064287,0.4514968719653307,0.0963510775981453,-0.08721634073341734,-0.06373316449102033,0.1076941891470868,0.2256357385756408,-0.1932068437418058,0.03131942966089801,-0.05244787671980325,0.07505316985387923,0.3267033757925896,0.2146371004823142,0.03143903451406024,0.1581077516167756,-0.06464961022521118,0.08116662252769224,0.02374798325128703,-0.3196270900252696,-0.1073706809638396,-0.2654934592400388,-0.4474623047081865
-0.1242178866280835,-0.08043926635844127,-0.3954117815797261,0.1037039367516575,-0.05340046637975927,-0.1303961550171409,-0.3037336104742073,-0.3156503467502208,-0.02241609099451889,-0.5618305784900699,-0.1891511784015162,0.1265426575420047,-0.05004896862249785,0.009982433531688815,-0.01645318943531662,0.2163736724294349,0.3219917102428677,-0.09225534329316314,0.03826110063004919,-0.02802081809923368,0.2046345304903618,-0.066389954728063,-0.03364769797051017,0.1400545430699902,-0.01188195975994369
-0.220810642550502,-0.09267237795433499,0.2572958709470277,-0.2373623934523325,0.08265238719803858,0.1339488649887589,0.1504106874289127,-0.1487495052110654,-0.08463149919513629,-0.2129810305342357,-0.402630481894339,0.2253768350495827,0.1937648609329528,0.1450653699103499,-0.06412208494959784,-0.3764207364931609,-0.2416945355819417,-0.06477843829401302,-0.02676677401216999,-0.3214449726599618,0.1660782607162996,0.003724683714116346,0.209117673928383,0.06658802054558201,-0.1958331745270445
-0.5134023238864267,-0.06225661279464765,-0.08385111854726228,0.3026232822708538,-0.196972096332107,0.2302608534944707,-0.2081735997229968,-0.1277231146593154,0.3285397928531245,-0.04534475580020025,0.1674649197641754,-0.2715476250757729,0.1123510308014218,-0.0362338359597709,0.1245965894672588,-0.087493729593105,-0.3164709373283102,0.03895029490484116,-0.05167061384798697,-0.1892291085786938,-0.1990378103591058,-0.01987630638058324,0.07163606221737777,0.02935522490098851,0.2177555419078585
-0.2198710449662232,0.3802005880198353,0.1808855131029138,-0.412800550966549,0.0546286359387981,-0.1322075146793561,-0.02469510431598419,-0.1478613255609913,0.1740177821311706,-0.1489123582058492,0.1981403001171444,-0.08749840958068135,-0.2624197112503717,-0.1054908010840924,0.003902317524299339,0.1413451436536252,0.1808736727491445,0.001805732563848458,0.1619933783628735,-0.06997618166531744,-0.226072359530982,0.2268033437149546,0.4027098998722825,-0.1258528033520376,-0.1314001160760472
-0.0820974365552104,-0.4824870629746228,0.001114553425623172,-0.1964159408699929,-0.1826407368431991,0.1947690882175999,0.3330958381695874,-0.01402087820105716,-0.04573233864535556,0.07263137259311904,-0.03143567031459922,-0.05925197569393113,-0.2029545965823064,0.05196165153263114,0.2372815686599238,0.3076276728613196,0.129446876979868,-0.2492204572405745,0.1963480359546007,-0.2296967814935817,-0.2849898384250272,0.001185466566037431,-0.1903774373473714,0.1719231887934307,-0.124690792521045
0.1771951563681787,-0.08279918747856747,0.1929070575483489,-0.01840506721910088,0.2034062981913969,0.09850618003550508,-0.0514584427242489,0.4705510433033758,0.08233968864149552,-0.4513082943689476,0.06787260712501794,-0.2430483488431254,0.009114418338788339,-0.1539822675879537,0.2265411239425411,-0.005596155454714778,-0.01145833402799465,-0.3052960888742451,-0.007105413998334989,0.01403600277644809,0.06601550872625865,-0.3914123262174413,0.200493115995557,-0.04763118523398081,0.07844793343961644
-0.1139449947756166,-0.08305373084797862,-0.2849429144495227,-0.1209452315380633,0.06495498942544979,-0.1953123645230146,0.1751298987732365,0.0001757576836943511,-0.09280842040234673,0.02681340556805624,0.04576262253411811,-0.2960246757418621,-0.06518124712481797,0.3914838298263079,-0.04986351854734575,-0.05543149655127418,-0.2148836969137032,0.09381409828431975,0.5682175648773385,0.1092479258347439,0.253355824217327,-0.1685346176144051,0.117655695204842,-0.1768696253901023,0.1470925218033783
-0.09782607718685013,-0.1111212724733643,0.1272385248078851,-0.169856020969416,-0.2703632447259783,-0.1504055984305285,-0.2505668853120164,0.0569169290255229,0.3066553712146692,0.2971392121129867,-0.3719440715005964,0.261650063448576,-0.1575046216290152,-0.06182840031760607,-0.1979393928189472,0.02210796858207192,0.03984122922629509,-0.2243417867003949,0.06236549749688323,0.1276051790033386,-0.05674919940979509,-0.3404719994072615,0.07455116646503047,-0.1986004999586933,0.2786352401887467
0.288161939866991,-0.1465537065773947,0.2080870897021788,0.3836460514021987,-0.2332740597157662,-0.2516688513232231,-0.01720168227336373,-0.3016432948592192,0.07804867432480093,-0.01286151754356397,0.2953627818136386,0.1634984773088626,-0.1736411181380827,0.1198643081265932,0.1574719408660356,-0.2884926839850197,0.01915775684439432,-0.04123047607589684,0.1416087189121267,-0.07321870201476252,-0.06828129709247532,-0.221069790645077,0.1827394172342667,-0.07284843737112442,-0.321673402632825
-0.03956547961622934,-0.20821891553797,-0.1505209793245756,-0.04967858732584834,-0.05933270592604584,0.100634656018873,0.02797016911411137,-0.005532847881576589,-0.1010553011954268,0.2175936827379595,-0.005688888213229702,-0.07480558762482628,0.2420700197871176,0.1866901726415197,0.1003305941662961,-0.005663484839605456,0.327457820288939,0.1097098391836002,-0.2521622195691877,0.2825986050461263,-0.0686531069347191,-0.08948835004836769,0.6431348375266546,0.2443109677715097,0.003623287401502358
-0.00601741821689856,-0.2775524221659825,0.1619157856038819,-0.07211862417239456,0.1933618734923355,-0.3961462257259633,0.196219457094522,-0.04386431590810381,0.2661250748793482,-0.1901718561137431,0.02818275661403687,0.2097173134558755,0.09970580919766332,-0.1477199591799718,0.04324281538914895,0.2383709209545854,-0.2670870780888654,0.4456545248528365,-0.0135691709973954,0.1615093731637559,-0.1196338983672365,-0.06978878291258968,-0.003170320943282544,0.2846293277605993,0.1346392696762055
0.01149590768843627,-0.2142140611617049,-0.3340210268779998,0.1317314163595051,0.3318093604403199,-0.1758589160266262,0.3146811892908768,-0.008406704729851524,0.1265347727916139,-0.06238605724738912,-0.1136289636669982,-0.08237624620448482,-0.3168293732664323,-0.03647039988916408,-0.2002540335174296,-0.2710417534087864,0.08637841200362208,-0.07722004625918773,-0.3530978757280298,-0.1305006697830422,-0.2518721122147805,0.09708931072850233,0.08021354979809821,-0.2877711063118745,0.1132100144580459
-0.1169114986351887,0.1262124072483043,0.009673366939605712,0.1819910604929793,0.08678739796433659,-0.1521762067368681,0.1111368941936347,0.07001382118155031,-0.2597203759605369,-0.01934499563731121,-0.04141750595597382,0.3491984808504905,0.3548998273255801,-0.01755359813507143,0.3860020869638452,-0.02869212499173649,0.2148817301381808,-0.04825864954884027,0.2393712612357908,-0.1396661895641311,-0.2685440134733987,0.07754353010221096,0.03179444405447594,-0.2715342122235314,0.3788128249451639
-0.4654948098741863,-0.1218798306480848,0.1706789348800851,-0.02276384652036372,0.07822731461113214,-0.1005890333406128,-0.07874238685046892,-0.02036747717328726,-0.5574263482388733,-0.03621050213748017,0.2940771180642711,0.1249325848898042,-0.2829342228540003,-0.08076063188642474,-0.07133621985820041,-0.1141649296271237,-0.103353069495512,-0.1603754545352621,-0.1638313736867524,0.3213318435878305,-0.0279299803036748,-0.1221492266648318,-0.09181651647837599,0.06387441490235846,0.04927888431954585
-0.03532055028660695,-0.1784656170883184,0.2611783566030945,-0.2930805541928642,-0.1018326163993026,0.05564998608877276,-0.04095966429912305,-0.08841631639549596,0.1340060351002534,-0.173212890989219,0.2220759377535492,-0.09174979517528631,0.1128000500162187,0.3766295932552781,0.05008487321433212,-0.1215648624717882,0.3490332585336401,0.2597537048620016,-0.2600057152435574,0.0004939440169147542,0.09816209261810797,-0.05062013744102806,-0.3249377844921363,-0.3291557852110249,0.1710210655318396
