-0.1667526078339886,-0.1032060390977213,0.03592251004281673,0.3840723168025649,0.2282845567241867,0.1572353935901824,-0.1393023465204377,-0.1451677400858373,-0.1714803950329046,0.1715006074048459,0.106568742790788,0.2440267447098078,-0.1118396372004201,0.006776790871511201,-0.2308128881239356,0.009059178241985537,0.2247924513496743,0.3174758768011234,-0.33998692165246,-0.3286242551596057,0.06706840959078215,0.121101843847549,0.3183817570412177,0.04891341154326369,0.04426042581886352
-0.2660674728637602,0.01238862281283483,-0.308169927191702,0.02776753657524044,0.06197830238954025,0.2182075450508698,-0.1833398653762522,-0.08537799162143041,-0.2803281492246913,0.05129839077448699,-0.3479149100141374,0.07357833960357145,0.1816255548217023,0.3003831741614708,-0.04959087434270969,0.2688846770405536,-0.1584318898745578,-0.1486376910880159,0.02925770682443191,0.2107553157681842,-0.2278328308426978,-0.2657388184364952,0.1738139929731627,-0.2761179031339053,0.1177331655397529
0.2233424579276404,0.42645949008067,-0.1625661788493032,0.1777419118370168,-0.1129501229180239,-0.07343644850841761,-0.01842858313268284,0.4392592423244652,-0.07027432835097956,0.004613412583042864,-0.03353653669684976,-0.06651879409330511,-0.3495155833790378,-0.1544186647845575,0.0005924584663004814,0.09692852185451696,0.06153114960236314,0.0611803596789855,-0.1449469029473036,0.3107671959087557,0.1706911544970547,0.0108796588886039,0.2636474254408049,-0.1095682680074147,0.3114427904368354
-0.2482474713466959,-0.3424720248415121,0.4316530645044868,0.04805807788599254,0.1211255592057171,0.1839625726072959,-0.01508678842317057,0.2502180995384718,0.03812761601938474,-0.01609123207825664,0.1366117234263025,-0.03949157454683871,-0.1872015122843494,0.1888505505992165,0.2541569369421184,0.08091730975004024,-0.304620618846401,-0.3120637042040641,-0.132549642603302,0.1795560247105253,0.2759107629234887,0.0879990360008796,0.1778533198577741,0.02376078065437822,0.03550106667559317
0.186044386596343,0.2029538626462662,0.1318462232255877,0.167016483183121,-0.06714886004249672,0.1507672925278049,0.07939156453252726,-0.08537541380907462,-0.07257405957907222,-0.5095867097767333,0.02054764677178474,0.06617919284715709,-0.2179943919521644,0.3475593480608006,0.2363118348418657,-0.2823323746694674,0.01519433704116443,-0.1256210824067691,0.05331782284794272,-0.3364498571501177,-0.280168812278778,-0.01190925472349217,0.08785507045312099,-0.1776444061120185,0.1204196174045143
0.1393169430380212,0.1535633173615287,0.1351053986395692,-0.05478186831725081,-0.1084687851181975,0.2933322780489844,0.2230036851512368,-0.09860602759362617,0.3375946426997992,-0.2914504009614923,0.1147434752359651,0.2301982585624615,0.2025069523522088,-0.07597928351202904,-0.4372166273187202,0.3239128179003706,-0.2966860347090142,0.06018112524372258,0.03835415860819064,0.06864998932472517,-0.001548339996325223,0.08144162649045089,0.2525873588686386,0.04786377706128618,0.002490637036152722
-0.01525629372763201,-0.3238460621921335,0.08248853796698248,0.1738668227902024,-0.1573441777185288,-0.08751017341985923,-0.2773764900386344,0.3575624885180081,0.1428562878909307,-0.2951480702697521,-0.1650037350841197,-0.2132571564510154,0.3643436341190522,-0.2925172228214086,0.1129320909840334,0.1570182338209266,0.08025591492906504,0.1256059829715082,-0.09310086158203831,-0.1806851364965911,-0.2626716153679838,0.1086996241798002,0.08821242173358211,-0.1528553695486844,0.0959999186667853
-0.2201377276234792,-0.04186062419245794,0.0782247259198507,0.1753117485634173,0.03511915896666112,0.1851440273776446,-0.1333904996150624,0.008413320754211143,0.02403426990315244,-0.08098965669581321,0.1559723192328216,-0.2038053250755797,-0.08950751661018894,0.1308032810998601,-0.1921962886001234,-0.2848494720089851,-0.02505239050359785,0.4353636404706421,0.3231513531142965,0.4549929486354352,-0.2045566161022346,0.2426755536040728,-0.1792376609094569,-0.05135569393794116,0.0790235417369646
-0.007563970275636944,-0.1598071762569881,0.1419667395611465,-0.2028532797261251,0.01676934131506808,0.1393629992063968,0.2041453209061706,-0.2469818600339349,-0.001134090790489348,-0.02284272835400102,-0.005078725528193613,-0.1621643441457856,-0.03344568571470095,-0.2376883786392461,-0.1294177664276474,-0.1716123305054071,-0.01875646986476035,0.03069328369310613,-0.4192620787930074,0.05859465128502297,-0.01198235118998589,-0.2666463371700326,-0.2291787679659495,-0.2384617381635561,0.5467384221697906
-0.2229969843793746,0.3227219754952316,0.514257718001999,0.06481103352136502,0.02537105238600441,0.006465791845383304,0.004191126188178271,-0.02763066937750926,-0.2187870408157246,-0.1917410024331899,-0.4948617066969253,-0.03525665265967397,0.1639951223576318,-0.1059684582709997,-0.1048634911054794,-0.05996103052534719,0.2316159340128724,-0.01200642762387105,0.09637413432925199,0.05858121293020579,0.2509368266513491,-0.1111036142948144,-0.04446156324583746,0.2181035976300849,-0.03386488512798626
-0.05724820324290512,0.006415012366715179,0.1499810125374419,0.3747359239427743,-0.6580900299555428,-0.1841719548323748,-0.06070176263591451,-0.2991895166880698,-0.115261432425852,0.2071845572416774,0.09918386662429769,0.09093228843332664,0.03563218449261383,-0.1347037852045122,0.02342285951814388,-0.1285485690676648,-0.189018797281115,-0.1897924599791957,-0.1116648477625433,0.1723716185041909,-0.1763783542244453,-0.02133437525859584,0.07920289586201253,0.09793661497662728,-0.03734923018195677
-0.1681732450233228,-0.1830490640222789,-0.2665091863095476,0.06561262563445995,-0.4264943700176508,0.2450363938987236,0.058010116019871,0.03881723167416527,0.1963073727902879,-0.05268367389098781,0.007150422549113278,-0.1575672887887455,-0.06049613670769345,0.2340757474677879,0.006639316750265221,0.08190358026817877,0.2404883164874213,0.06038894992213954,0.1811898021036346,-0.1662333130848361,0.2773448558298057,-0.2525813084592071,-0.007224101219274399,0.3855617968846742,0.2707394833060485
0.1111738202423784,-0.1581094054861456,0.03329419065767828,0.2233531734024154,0.1695234192381234,-0.1903294677945276,-0.02060879454673305,0.001073752497486905,0.3346328543251095,-0.07349448437830226,0.04597475989656602,0.1646594991171633,0.08570202739822964,0.008236715096596441,0.0211008768118625,-0.2817169975660675,0.08157091332914036,0.1138055438348048,0.08870003863136632,0.2174251752392869,0.1334135154944589,-0.6319736349723695,0.2410509633678241,-0.1692994519526688,-0.1836388862730505
-0.215615425617083,-0.09112319679944265,0.1150964514283962,-0.3732656217258986,-0.1983975389130677,-0.05119259805305883,0.3497756401946041,0.3179547353280278,-0.2232971465671283,0.09382282679189052,0.05974507534028529,0.4683511861087494,0.06818208930234917,-0.01841239929646212,0.1722022170949238,-0.1069174182732045,0.103869835120919,0.2875338583702298,0.1017421209215479,0.02964445519365856,-0.2167301847497477,-0.04479563362253604,0.1896514173307709,0.008219911555422534,0.09921438528353793
0.03305669974315184,-0.08464092397860586,0.0856205182258572,0.3561132289767638,-0.04417006823950029,0.2101170417414485,0.5373202807399836,0.2051769057558751,-0.06396185626177965,0.2674125676963844,0.003033605945884687,-0.1562869412175567,0.01257545365836121,-0.03999856882486995,-0.1732626025083312,0.1174819174696092,0.2247549999308565,-0.1894583746060797,0.1837189110157069,-0.09364617069573185,-0.04770174410201902,-0.01553961454323159,-0.1449072925669792,-0.3796169881522853,-0.1962494209162408
-0.1931470233299643,0.2099628163251688,0.2486909605353654,-0.1382333501194734,-0.1562834666408135,-0.07645816703247234,-0.1358857590999784,-0.179204869487844,0.01776333125948322,0.08009606904345545,0.1703820535224739,-0.2236484363582935,-0.2403547790213946,-0.04118357258236438,0.1815433617372864,0.3937466572540329,-0.1246590994037866,0.3711414643437564,0.1508677077819578,-0.2286158460884471,0.07769536006495059,-0.2397907952106549,0.01985027744977145,-0.3382996620541707,-0.1299035900916566
0.2400205536677555,0.03217985949829989,0.1703502787781284,0.2825475616428132,0.2426243852188977,-0.2669110439948627,0.1403747680084735,-0.01040829639087817,-0.01846211054768156,0.2701386761993313,-0.02317478199469612,-0.001171674545329799,0.2499054906895202,0.1909743294756952,0.1310603473512776,0.150883894146444,-0.2905007172462644,0.1574201814981827,0.2533841837636734,-0.1251312325866904,-0.03121778122218019,-0.02815400270346918,-0.07143160507370051,0.1852428653506355,0.4895325229620174
-0.12010578546155,0.2431944115033045,-0.09558824070413625,0.1533193838738227,0.2268511200005085,0.4181424529408578,0.1334773358053891,-0.01291228649671259,0.1102737662976868,0.06988026606601118,0.07452529434229989,-0.1016113711555243,0.03356337416521014,-0.3543863771403781,0.4462132867076901,0.02654863694010809,-0.05998133800585428,0.04546936323333896,-0.0998185213935967,0.06349814512015016,-0.317154594435928,-0.1878627511897776,-0.0008807520034626114,0.3472983979863003,-0.1178664909288995
0.09275117964875824,-0.2607085274094166,-0.1717537930401043,0.1584581553185568,0.0296401889372571,0.1222636432258887,-0.06227410708815775,-0.04259100956459307,-0.3841603056237792,-0.2683086179115425,-0.000857734929442596,0.2903255617304772,-0.1829394427299183,-0.4558882232775853,0.04396779425791433,0.04146753011923839,-0.2544331539403424,0.02025517522627267,0.348909452055502,-0.05682181160925983,0.2506696268129213,-0.06713268259908819,-0.1985335709161928,-0.02641799609318387,0.03033811002165163
-0.1212612004428305,0.01203539337212304,0.005498734913664585,-0.1121288703993435,0.1171318169574575,-0.1575452044857149,-0.02149173005959972,0.2164519226040207,-0.2690353996320401,-0.04476425441922702,0.2617728507962385,-0.3575100069333823,-0.07261915495995851,-0.1066606251502024,-0.4317730220859846,-0.1472934929941462,-0.1907885003317564,-0.1919739114401897,0.1338524941731379,-0.2166616976566898,-0.2261030028995037,-0.2821994667180891,0.2562853410426157,0.2379392211391824,-0.005388344829718886
-0.004018172567617334,0.1741474432392354,-0.1539950463739243,-0.0386631602895928,-0.1294223653834884,0.2386593667908172,0.01589352252985388,0.1107113337077506,-0.07510842769916959,0.1496335486789636,-0.03956744622663632,-0.1708070437169087,0.3874211840999617,0.007430754317307504,0.08359499751632142,-0.4606429499922499,-0.3716290807874553,0.1610634422116003,-0.04971964824461057,-0.211011025975107,0.381210854206023,0.09566721717063563,0.1395671193072321,-0.1936404477577623,-0.08734860935800395
-0.5528631670817314,0.1860993885966909,-0.1429428352372538,0.1147757063526482,0.0754404204130025,-0.2138264704294268,0.04145456321885842,0.08295389343048125,0.4489632052031008,0.03621374879219798,-0.1661969404471215,0.2305923283518395,-0.1799929228128526,-0.1579214657587124,-0.08862697905183717,-0.1455009802428661,-0.1755888339850449,-0.1793216339025973,0.09995975858751892,-0.2240524259542348,-0.02897715198034463,0.1046047796739284,-0.1218329839075018,-0.131177886982818,0.1704198808743948
0.1762340811457685,-0.04557890518619144,0.148509109999747,-0.2048866615489888,0.02552411396419771,0.2485452007027738,-0.2614290256525607,-0.1876682676070838,0.1509386075996063,0.3217107245246079,-0.07889918400133568,-0.01051284743468659,-0.05729749575088663,-0.2456368306082174,0.05396831784796152,-0.133682219004767,0.2271236156636492,-0.2347662743116601,0.4314678407024868,-0.03619162796516175,-0.05254986435884781,0.1314679485918948,0.3791679894717812,-0.09920699085225659,0.2280125056277841
-0.1208377326221417,0.2737669718103175,0.0473865272365223,0.03025328483234975,0.02791694349974476,0.07443935105890705,-0.2817935980623277,0.1231048740122322,-0.07252100568862407,-0.03996822438517567,0.5925396312310134,0.2070217167759259,0.3829282140627685,0.004262029370651913,0.01754799749197929,0.05556202375351474,0.2511903995599111,-0.2456768695814058,0.02948161412068171,0.01275382689682683,0.1156553249398867,-0.08457214694882384,-0.2545106025623595,-0.1235886310984915,0.1745764858361259
-0.2488150579257736,-0.02396530373017338,-0.2112441936056196,0.04638284978047146,0.1231744011563941,-0.2821345706065922,0.3540849248658534,-0.3529863200696249,-0.1083794909585078,-0.271325114474592,0.1789188807826495,-0.2353199517258178,0.1744020538535489,-0.09991112887591212,0.1971114713766124,0.06427795626677414,0.1692972713171603,-0.0596939455850506,0.09563432363981603,0.1474390471636479,0.16416786621993,0.240373038140176,0.3556625442905774,-0.08314557393006621,0.09279927411963787
