-0.1353585187744151,-0.1224702421994337,0.3351168987229816,-0.05418592333531214,0.1941816376552115,-0.2898127444319987,-0.1030999038573717,-0.02327201934951845,0.1797745125999936,-0.4026179219441092,0.3863376650269958,-0.1133810985277161,-0.11787567421611,-0.2307364787662438,-0.1681484354335022,0.04460879450275169,-0.02139227229724595,-0.09581398872697035,-0.2876672838907415,-0.009839516647814048,-0.002763584711136078,0.1003481301967153,-0.2297792855578694,0.2717785627922492,0.1881856938068094
-0.02438462471572081,0.05662402115536196,0.01749634765350488,-0.140453792931605,-0.08791013418916842,0.4060650835031731,-0.04288383942186989,-0.07539733891370036,0.3119089398775596,-0.2027102119139898,-0.3322433553835968,0.2941820299935711,-0.1505459720447869,0.1609182436975624,-0.3398416939072382,0.09830249818349628,-0.05293102572874939,0.05438208122448799,-0.1370923106461758,-0.2081841847971698,-0.1937522876919931,0.2336181504899293,-0.3258296666973592,-0.03401531850305385,-0.1402482472869911
0.09632140984673186,0.3194283417206319,0.09615695715850255,-0.1983265522477158,0.3158278967096042,-0.07802172879920867,0.2231226963444861,-0.01838917357184544,0.09424552358683824,0.007808924648749984,-0.07686970918935593,0.08585365263849819,-0.03198743990924498,0.2150346548470173,-0.02557074773050631,-0.1294251360825446,0.3632125498496576,-0.1410303216767134,-0.07477735156119933,-0.3367732477206265,0.1118239795294086,-0.5481824817921513,-0.04588786612440078,0.09340104268113837,0.05100875916262482
-0.257170490047432,0.2731909749111698,-0.02530948882721572,0.04643353793552087,0.03735182609953597,-0.08686830404913794,-0.1569598443190806,0.2143488616952813,-0.1953067293019184,0.2648075082884623,-0.09101622987727934,-0.3142227637516789,-0.13091950171648,0.09914030633871115,-0.2628915129611489,0.05185449477458785,-0.1884032548177219,-0.03623045956925756,0.1322430850835077,0.2149908223715131,0.081259646144467,-0.1725341770817892,-0.5695481920850728,-0.02386790773102889,-0.03177104090204978
-0.2308185045629843,-0.2232013271256865,0.05009647074963781,0.0461026252589892,0.1136402215477401,-0.1729965906466568,0.02345620263837043,-0.03143647175189768,-0.09566627659518871,0.07580326180684686,-0.2108251840362921,-0.3465384804127311,-0.01745874762059589,0.3686894081221065,-0.2563012707546319,-0.0145396440545344,0.2487575741989189,-0.2587281759829089,-0.1377278452290812,-0.1617774859717838,0.1975178980915027,0.3833792653917102,0.2586029578854425,-0.06081550920781736,-0.189175110688528
-0.3168924852848442,-0.1229294476218159,-0.2287211433824033,0.06379933633795029,0.104562640877597,0.2068663169317507,-0.07546095414837652,-0.2192304751649882,-0.137264390878732,-0.3532669074863053,-0.08849906816882541,-0.06090943214743085,0.1934884018242802,-0.2687381281380453,-0.02180265464468159,-0.3956923815785139,0.04806578965559879,-0.3923127510045831,0.2288246236113425,0.002096652818778532,-0.1704088887111307,-0.1785051366330341,-0.07115027674234925,-0.0271627568083829,-0.1530536409949521
-0.2141579089102045,-0.1569276892669696,-0.05451217163340354,0.3648845864866854,0.2299825019985578,0.2328552154376138,-0.2460211049706056,0.2213640667676693,0.2697394879954155,0.05600372623339978,0.06999014092659014,-0.06176285817947457,0.102271441026758,-0.1212615485331289,-0.05885948113713646,0.3214695204456388,0.3180774191011678,0.1565949947225044,-0.1465815224271212,-0.007630732213491263,-0.05578450470427537,-0.2555034756025532,0.08075763077941003,-0.3632785397881353,0.07777658468738412
0.02179901405306229,0.1163326545501503,0.4267796813259491,0.3169739047863329,0.1120014618646177,0.08255700949037829,-0.01943458645746342,-0.009854911291178213,0.1231916202315998,-0.2201028347574855,-0.1976318720428997,-0.0805919728149999,0.06124275410879992,0.2027089508855021,0.01794429283460947,-0.2446184580595119,-0.4120929229952403,0.1501640261912482,-0.1749925571779767,0.2519059011757989,0.0825334356430278,-0.2265191003528433,0.2469663778614521,0.002276657916465576,-0.2525820277654283
0.007428467640833415,-0.096253540696755,0.2891063089570242,-0.1767184054921875,-0.1284228581840299,-0.02895104138101255,0.03809966693135836,0.3367087779048087,-0.1223982094666402,-0.1085104755345278,-0.009439561420636781,0.2125704104524878,-0.3150806763152704,-0.3792396777061984,-0.103953317876119,-0.02202991000268543,0.06368004279368461,-0.05331672233942248,0.181934798851137,-0.06718668687911784,0.3733098235311038,-0.0590148616165023,0.06682257412483676,-0.3281664512710138,-0.343188490919398
-0.3976479996759291,-0.005240750460044795,0.06960565622109834,0.1860124210721291,0.01869202994939525,-0.2820347847741598,0.2663507106103951,0.05701291299163871,0.304761047149806,0.05365041822218725,-0.05099841409088949,0.4176116483617224,0.2212719974676407,0.08756155759452534,0.07120661671805628,0.290590659336912,-0.05069190674101851,-0.1675368873524081,0.3541089168578828,0.1072552209608126,0.04473451685784047,0.03444469728185543,-0.01815871453912598,0.2075617623937835,-0.1236240217865336
0.0862137790840788,-0.2029415739911746,-0.1973509190505585,0.06066955588092466,0.009622820926461441,0.01182460739264326,0.1686409432082304,0.2073974456783012,0.07279090223713713,-0.3903930302435309,-0.252256787681952,-0.2264787501550456,-0.151620572906794,0.1435271229500976,0.5857411066564461,0.135977136788127,0.04062677266244102,-0.01566683617994273,-0.04865991027110524,0.01830670851322788,0.2260064088342417,0.01769818904344935,-0.3213527041340322,0.0007863146886930284,-0.002453855152169069
0.3497109654432483,-0.004200935997350704,0.1740656537283202,0.09331482482581395,0.1081763571487283,-0.1303816476726242,0.1668570537139304,-0.1705215359063023,0.03229496147240828,-0.2100045759167908,0.1949942507262228,-0.0853187328534642,0.3080625451834043,0.1978445263328847,-0.1602674872065222,-0.03435974459138266,0.09131411925060359,0.1019471086018905,0.3821234525446434,0.0338658197858135,-0.01743605812662763,0.1480083155341478,-0.2660178762095487,-0.4907063796861273,0.04510088807692543
0.07660247767651786,0.1050524165338237,-0.06353138421562125,-0.1973874457590255,-0.1709799107231294,-0.05938733537326497,-0.5234125897843119,0.1570469897924777,0.09024937660195889,-0.02220514025870256,0.2252506856085581,0.09257264671436934,0.481011329409224,0.173909942659873,0.1602712373628569,-0.05931428050675384,0.0852719745616085,-0.06567994254463741,-0.1534571241891134,-0.05771923447171875,0.1937354958631255,0.0258531841120434,-0.1267998065992477,0.06434702491931069,-0.3912275545145423
-0.1626476067471261,-0.08210641746546279,0.1560694944617676,-0.4544988246131125,-0.009309609060582974,0.2873146739654946,0.242712758400265,0.1136737953270966,0.3141173991053709,0.1576101268023168,0.2057468233773636,-0.2263393231237204,-0.04109296979917684,0.100933803460782,0.1073597878406855,-0.1760880448620468,0.2194238208191325,0.01257147165747212,0.05761308656856167,0.4609729519763762,-0.1762566567623556,0.03696384627640176,0.02452793722411988,-0.001296181949013617,-0.1130144794096866
0.03676302948703351,-0.4975195825511917,0.1788752091704291,0.1415065637528027,-0.2678781286713012,0.1071649964199921,-0.1961621580854479,-0.3007611785920125,-0.1286474767754971,0.09122466922591331,0.1872686343066715,0.1885455842066136,-0.2725907555067105,0.3775291675654314,-0.0008423219982903495,0.02068675169027073,0.107890328228737,-0.09290455708096992,0.09401478382891117,0.08019064049644085,0.06723750927927488,-0.322676009639385,-0.1375376771602463,0.1019116393842301,0.02616239471408094
-0.3086242550776775,0.04477566115655064,-0.09316125440092092,-0.1142732106368448,0.1397021005953477,0.4057631802896558,0.2347949816072445,-0.0810671023252512,-0.1987556569187658,-0.03699688301155373,0.3505195717516023,0.1292543026384125,0.1401446231266269,0.1517377965166513,0.007202906276710283,0.05981300586082947,-0.3010715909402756,0.007599347297608877,-0.1437563769056153,-0.09391676915816952,0.4764927453735829,0.05892138002126276,0.002842965967373867,-0.1373922037415949,0.1970288769249092
0.03125254336131649,-0.2817520337435367,0.1601549885509458,-0.2818518547279424,0.05511363319239293,-0.1392168430654218,0.0727833932677415,0.2002363533674275,-0.3120022002357912,0.01439054819423396,-0.2748068413683475,0.2264290216226319,0.3161413358604227,0.04755257398930101,-0.009614071618473333,0.1235483712021426,-0.119468951693714,-0.2245117288135074,-0.341439492087904,0.202672440276297,-0.2657794682636179,-0.1313127824856626,-0.06359389055096031,-0.2294939677918038,0.1946913123959515
0.2354751396512022,-0.4435496622781996,-0.1471339768416284,-0.117086315065242,-0.02110102766667723,0.02721539359004362,0.2131148552060035,-0.00424281722466645,0.2627532854466119,0.1852409428984105,-0.05129178645331896,-0.2781794362252646,0.2579503327188581,-0.1932365653996808,-0.2854828663481817,0.08298255417366324,-0.299818114005481,0.05545627616304332,0.0292212113398984,-0.1972898685587779,0.1641543837568826,-0.2546888394002041,-0.05462131340240282,0.1939554443054324,-0.1582512917332426
0.2248345018690641,0.1779071856084661,-0.2711682162463136,0.01343886441537196,0.121370458382576,-0.03112711845789194,0.1392325776345226,-0.2683572552239985,-0.06481680749497885,-0.08946460769965489,0.2078149545713909,-0.00598718782729873,-0.1851438674552043,-0.02089808908439511,-0.08137435899607445,0.4405160644380571,-0.03258826376831012,-0.2868427288089895,-0.2191506875308869,0.3006119731890221,-0.07779826800829204,-0.0908336650277894,0.07419922583064013,-0.09172028352543068,-0.4429544742684357
-0.2703132462573655,-0.06521085538976361,-0.1558904185337328,-0.419369673114045,0.1100438104695251,-0.3268328746134954,-0.2324974868957997,-0.4343519348319119,0.09954053149455439,-0.1036700677383903,-0.2097428524994743,0.00908194899518497,-0.07297140658068631,0.002401280238827207,0.04466422119665735,0.07752240568322698,-0.05535855090237008,0.420794735419898,0.0642682947748726,0.1122052290543158,0.1378928517342917,-0.1357085282713022,0.08872068948225323,-0.201506951768966,0.005751448384604475
0.08859143352748257,0.1280628933581849,-0.1620014382923675,-0.1507227869785082,-0.2817724023293334,0.04268375257489371,-0.158139712583191,0.2453089566633482,0.1285244789482373,-0.3838781382021041,-0.02853464504341517,-0.1176172269473089,-0.002994906767659413,0.1991933276692198,-0.2937641435330801,0.1728881430064547,-0.05106990939134542,-0.2178744419890594,0.2484840787464128,0.160425526041255,0.09862256764270891,-0.1466504948787296,0.3455251238958812,0.05604223417506365,0.3669666629348007
0.03471611237413201,0.04860529356794455,0.1933265882591602,-0.01026972615661429,0.01253935437836794,0.2348442369098972,0.05736368794329184,-0.09653087546666454,-0.3829292397577756,-0.164854165528923,-0.1904439017939734,-0.04665359666946016,0.2667322371333314,-0.1460151120917224,-0.130564618752755,0.2783916170157817,0.3843203616963328,0.3103392189031061,0.0670366022742528,0.2116190465055455,0.1609402478933739,0.02586165033473121,-0.02911229532806865,0.4087464620099071,-0.06308958877012057
-0.2541676994716419,-0.003233896126499617,0.06054269615129042,-0.08577949573235372,-0.1794234931175614,-0.05477717813306033,0.1423659129585798,0.1677627547506858,-0.2610796643746885,-0.2189532024852409,0.2327783256452381,-0.188033457546727,-0.004055929292032481,0.1990142483696099,0.05422432188677345,0.1991071864334704,-0.1128142137017882,0.2695831681654004,0.09093348801517473,-0.3956501417362963,-0.4513259313595577,-0.1654470935303033,0.09827963438615367,0.005423815249772744,-0.2488781935349804
-0.1673653297882547,0.2231193454182855,0.2180110663569529,0.07092503562151169,-0.6373206317149707,-0.03437204451716255,0.1737451207516092,-0.3168399962377965,0.1347386169942515,0.04695492049966359,-0.09198905956229289,-0.2266029546647872,0.1513720003222228,-0.1945159017933058,0.09591425651247348,0.09895970207460339,0.09370495426076844,-0.1541378551921934,-0.2360742445244882,-0.0768355161064551,0.08525822693690636,-0.1016095341005931,-0.07235203622441899,-0.211546850998745,0.1002328259862922
-0.08419463112628071,-0.06045242690231395,-0.3884320582804587,0.1865305973558455,-0.2581858814273661,-0.234383331644266,0.2964767349591039,0.1649090045054392,-0.02006199832556726,-0.1426692707752209,0.09756741229291327,0.1966858324470979,0.004291904857818287,0.07174364872519742,-0.29816324730001,-0.3560471104716918,0.1992803443042133,0.3016409965979282,-0.2980807903741581,0.2067297171013442,0.05668752634711878,-0.06692901851516468,-0.07160768900238224,-0.0002743299791094394,-0.04457090549853286
